L2
part
         1
quad4
-0.15666E+04
-0.39999E+03
 0.30162E+03
 0.64971E+03
-0.47040E+02
-0.11731E+01
 0.63456E+03
 0.96771E+03
 0.31680E+03
 0.19745E+04
 0.65949E+02
 0.31791E+03
-0.14199E+04
 0.80388E+03
 0.31359E+03
 0.18445E+03
-0.39472E+03
 0.12281E+04
-0.33851E+03
-0.69561E+03
-0.26135E+03
-0.14249E+03
-0.94763E+03
-0.54817E+02
-0.31575E+03
 0.22329E+04
-0.66858E+03
 0.93755E+03
 0.77581E+03
 0.52775E+03
 0.56326E+03
-0.11922E+02
 0.62481E+03
-0.16301E+02
-0.37381E+03
 0.10322E+04
-0.17095E+04
-0.18376E+04
 0.99023E+02
-0.13338E+04
 0.40562E+03
 0.19117E+04
 0.19253E+04
 0.86411E+03
-0.94419E+03
 0.14728E+04
-0.11950E+04
-0.18848E+04
 0.23226E+04
-0.12113E+04
-0.89397E+03
 0.13872E+04
 0.87900E+03
 0.92799E+03
 0.16145E+03
 0.12096E+03
-0.40404E+03
-0.14364E+04
-0.99699E+03
 0.25780E+03
-0.38230E+03
 0.16908E+03
 0.38821E+03
-0.14659E+04
-0.12590E+04
-0.84485E+03
 0.28250E+04
-0.20528E+04
 0.15675E+04
-0.10915E+03
-0.54595E+03
 0.61560E+03
 0.81081E+03
-0.21820E+04
 0.20713E+04
 0.94970E+03
-0.22892E+03
 0.24218E+03
-0.51218E+03
-0.49050E+03
 0.62280E+03
 0.10409E+04
 0.19314E+04
-0.14562E+04
 0.25931E+03
 0.89454E+02
 0.16407E+04
-0.55485E+03
 0.12729E+03
-0.41233E+03
 0.14146E+04
 0.22472E+04
-0.17158E+04
 0.17093E+04
-0.35264E+03
-0.17890E+03
-0.11924E+04
 0.19868E+03
-0.14499E+04
 0.75735E+03
 0.22552E+04
 0.19616E+04
 0.28997E+03
-0.14344E+04
 0.24441E+03
 0.17266E+04
 0.18123E+03
 0.14528E+04
 0.10092E+04
-0.63780E+03
-0.13936E+04
 0.15121E+04
-0.38436E+03
 0.15273E+04
 0.17465E+04
 0.41349E+03
 0.17738E+03
 0.90855E+03
 0.24251E+03
 0.16181E+04
 0.34746E+03
-0.90782E+03
-0.21660E+03
 0.11494E+04
 0.29011E+03
-0.12757E+04
 0.57847E+03
-0.10130E+04
-0.15193E+04
 0.17202E+03
 0.93524E+03
-0.45760E+03
-0.99713E+03
 0.29255E+03
 0.19667E+03
 0.15103E+04
 0.12437E+04
 0.35036E+03
 0.15340E+03
-0.51479E+03
 0.19707E+04
 0.17472E+04
 0.10001E+04
 0.10454E+04
 0.72878E+03
-0.30668E+03
-0.92733E+03
-0.23629E+03
 0.30817E+03
 0.10081E+04
-0.99444E+03
-0.18143E+04
-0.13327E+04
 0.41247E+03
-0.77389E+03
-0.28542E+03
 0.35953E+03
-0.69266E+03
-0.21215E+03
-0.34757E+03
 0.36062E+03
 0.13121E+04
-0.10414E+04
 0.15137E+03
 0.11665E+03
-0.31508E+03
 0.17452E+04
-0.11839E+04
 0.55030E+03
-0.13798E+04
-0.96743E+02
 0.15869E+03
 0.21631E+04
 0.99667E+03
 0.18935E+04
 0.33567E+04
-0.10348E+04
-0.99937E+03
-0.74224E+03
-0.91295E+03
-0.21541E+03
 0.35964E+03
 0.12427E+04
 0.18264E+03
 0.18552E+04
 0.17184E+04
-0.35069E+03
 0.36608E+02
-0.11462E+04
 0.30760E+04
-0.33987E+03
 0.35778E+03
 0.84428E+02
 0.36658E+03
 0.34088E+02
-0.42556E+03
-0.70204E+02
 0.27191E+03
 0.19790E+03
 0.17335E+03
 0.60529E+03
-0.11788E+03
-0.28921E+02
 0.51809E+03
-0.67159E+03
-0.53179E+03
 0.85093E+02
-0.58048E+03
-0.99343E+02
-0.23105E+03
 0.30205E+03
-0.26647E+02
 0.53691E+02
-0.87589E+03
-0.34541E+03
-0.86952E+02
 0.60282E+03
 0.19861E+03
 0.32271E+03
-0.12786E+03
 0.29918E+03
-0.91450E+02
-0.10203E+03
 0.13768E+03
-0.17617E+03
-0.13853E+03
 0.34108E+02
 0.54975E+03
-0.65659E+03
-0.97774E+03
 0.52434E+03
-0.15238E+03
-0.21746E+03
-0.65295E+03
 0.10497E+03
 0.93869E+02
-0.17171E+03
-0.70505E+03
 0.50975E+02
-0.37898E+01
-0.26290E+03
-0.40880E+02
-0.19696E+03
-0.20603E+03
 0.78088E+03
 0.71574E+02
 0.36058E+03
-0.66641E+02
 0.27933E+03
 0.22471E+03
 0.59559E+02
-0.93435E+02
 0.32085E+03
 0.22371E+03
-0.74481E+03
-0.26546E+03
-0.44200E+03
-0.65517E+03
-0.41590E+03
 0.28072E+03
 0.55673E+03
 0.86601E+03
 0.15806E+03
 0.58410E+03
-0.71836E+03
 0.11782E+04
-0.28251E+03
 0.21356E+03
-0.75135E+02
 0.39969E+03
-0.55242E+03
 0.96668E+02
-0.10241E+04
 0.51226E+01
-0.33768E+02
 0.52196E+03
-0.50779E+03
 0.62657E+03
 0.48237E+03
 0.26282E+03
-0.73319E+02
 0.43609E+03
-0.94635E+02
-0.11953E+03
-0.25352E+03
-0.95408E+02
-0.63850E+03
 0.10437E+03
 0.71836E+03
 0.10265E+03
 0.20051E+03
-0.44787E+03
 0.57158E+03
 0.22007E+03
-0.17145E+03
 0.95520E+03
 0.88218E+02
-0.38909E+03
 0.22659E+03
 0.50538E+03
 0.68852E+03
-0.31484E+03
 0.73540E+02
-0.27546E+03
-0.58340E+03
 0.55253E+03
 0.33520E+03
 0.33465E+03
 0.76037E+03
 0.59228E+02
-0.23472E+03
-0.10774E+03
 0.27509E+03
-0.51249E+02
-0.38746E+03
 0.53776E+03
 0.21999E+03
 0.20435E+03
-0.47673E+03
-0.73082E+02
-0.53978E+03
-0.68368E+03
 0.15404E+03
-0.25768E+03
 0.68998E+03
-0.20826E+03
-0.51319E+03
-0.57231E+03
 0.22634E+03
 0.61494E+03
 0.23759E+03
 0.59094E+03
-0.49828E+03
-0.23285E+03
 0.15793E+03
-0.10395E+04
 0.12548E+03
-0.67109E+03
 0.17510E+03
 0.51998E+02
-0.95035E+03
 0.99119E+03
-0.54886E+03
 0.23380E+03
 0.21939E+03
 0.32301E+02
-0.94997E+03
-0.11203E+04
-0.16860E+03
 0.30692E+03
 0.83325E+03
 0.81761E+03
-0.77472E+03
-0.67992E+02
 0.32841E+03
-0.91356E+03
-0.98574E+03
 0.25556E+03
 0.58223E+03
 0.65875E+03
-0.23042E+03
-0.43504E+03
 0.82957E+03
 0.95894E+03
 0.82989E+03
-0.42494E+03
 0.87716E+03
 0.10832E+04
-0.20118E+03
-0.49555E+03
-0.90015E+03
-0.54194E+03
 0.10570E+03
-0.45946E+03
-0.47070E+03
 0.22709E+03
-0.89622E+03
 0.12054E+04
 0.30444E+03
-0.82293E+02
 0.98781E+02
 0.64879E+03
-0.35352E+03
-0.10294E+04
-0.13934E+03
 0.68719E+03
-0.16365E+03
-0.25131E+03
-0.57931E+03
 0.10348E+03
-0.19428E+03
 0.85668E+03
-0.47214E+03
 0.47805E+03
 0.90289E+02
 0.29998E+03
-0.26859E+03
 0.34761E+03
 0.10286E+03
 0.87991E+03
-0.63186E+03
 0.31053E+03
 0.59416E+03
-0.36688E+03
-0.34591E+03
 0.68095E+02
-0.27780E+03
-0.15479E+04
 0.57250E+03
 0.78865E+03
 0.10108E+03
 0.48667E+03
-0.61448E+03
 0.65462E+03
-0.61152E+02
-0.36132E+03
-0.39222E+02
-0.50442E+03
-0.49628E+03
-0.30007E+03
 0.75354E+03
-0.14165E+03
-0.76423E+03
 0.25565E+03
 0.54037E+03
-0.27157E+03
 0.10124E+04
 0.27253E+03
 0.26844E+03
 0.79278E+03
-0.11770E+04
 0.40218E+03
-0.34876E+03
-0.45128E+03
 0.97265E+03
 0.98170E+03
-0.64570E+03
 0.98907E+03
 0.98075E+03
-0.87588E+03
-0.62160E+03
 0.87447E+03
 0.36008E+02
-0.68705E+03
-0.46109E+03
 0.11486E+04
 0.12498E+03
-0.66151E+03
-0.65501E+03
-0.66898E+03
 0.90921E+03
-0.10623E+04
-0.37263E+03
-0.23870E+03
 0.80430E+03
-0.17286E+03
 0.11647E+03
-0.45659E+03
-0.37256E+03
 0.11861E+03
-0.84112E+02
-0.61932E+03
-0.47590E+03
 0.36300E+03
 0.20508E+03
-0.32255E+03
 0.54808E+03
 0.53486E+03
-0.13747E+03
 0.11239E+03
-0.10493E+04
-0.51835E+03
 0.12662E+03
-0.68654E+03
 0.64350E+03
-0.13645E+04
 0.53067E+03
 0.90354E+02
-0.74411E+03
-0.23654E+03
-0.12696E+04
 0.12349E+04
 0.85910E+03
 0.13290E+04
 0.65822E+03
-0.57365E+03
 0.31571E+03
 0.19924E+03
 0.29328E+03
-0.75926E+03
 0.73293E+03
-0.56407E+03
 0.33056E+03
 0.12146E+04
 0.43543E+03
 0.13594E+04
 0.20658E+03
 0.81184E+03
 0.86172E+03
 0.12974E+04
 0.93501E+03
 0.80426E+03
 0.75547E+03
 0.11646E+04
 0.42485E+03
 0.12948E+04
-0.13795E+03
-0.31257E+03
 0.16105E+03
 0.79523E+03
 0.28318E+03
-0.19437E+03
 0.13108E+04
 0.69933E+03
 0.81702E+03
-0.11790E+04
 0.86339E+03
-0.31125E+03
-0.36349E+03
 0.29093E+02
 0.16866E+04
 0.25355E+03
 0.12895E+04
-0.22524E+02
-0.31886E+03
 0.30080E+03
-0.18645E+04
-0.48299E+03
 0.77548E+03
-0.11299E+03
-0.59017E+02
 0.45718E+03
 0.13619E+03
 0.20228E+03
-0.96193E+03
-0.70582E+03
 0.12315E+04
 0.13777E+04
 0.16549E+03
 0.18512E+03
 0.12410E+03
 0.41323E+03
-0.12601E+04
-0.36280E+03
 0.40844E+03
 0.11341E+04
 0.35847E+02
 0.90777E+02
 0.81652E+03
 0.21889E+03
-0.14411E+04
-0.75507E+03
 0.78759E+03
 0.10829E+04
 0.66949E+03
-0.84033E+02
-0.49776E+03
-0.69457E+03
-0.71350E+03
-0.41906E+03
-0.63490E+02
 0.15185E+04
 0.23416E+03
-0.96280E+03
-0.29236E+03
-0.20566E+04
 0.63352E+03
-0.84129E+03
-0.10046E+04
-0.61622E+03
-0.14172E+04
 0.30125E+03
-0.74135E+03
 0.17875E+04
-0.11484E+04
-0.15833E+04
 0.17502E+04
-0.40614E+03
-0.13970E+04
-0.39458E+03
-0.63400E+03
-0.11021E+04
 0.37606E+03
-0.70863E+03
-0.38304E+03
-0.30232E+03
-0.14993E+03
 0.17135E+03
-0.20557E+03
-0.28575E+03
 0.74412E+03
 0.11442E+03
 0.20821E+03
 0.28530E+03
 0.15649E+03
 0.35196E+03
-0.45440E+03
-0.47448E+03
 0.12505E+03
 0.39615E+02
-0.70210E+03
 0.38861E+03
-0.50599E+02
-0.90890E+03
-0.55419E+03
 0.46057E+03
-0.50191E+03
 0.67560E+03
-0.74438E+03
 0.24728E+03
-0.77049E+03
-0.34996E+03
-0.50554E+03
-0.56643E+03
 0.18304E+03
 0.89412E+03
 0.30272E+03
-0.47079E+03
 0.24835E+03
 0.12068E+03
-0.12308E+04
-0.15126E+03
-0.94252E+03
-0.51063E+03
-0.28877E+03
-0.78647E+03
 0.33278E+03
-0.98753E+03
-0.50891E+03
-0.92280E+02
-0.61037E+03
-0.11291E+04
-0.35125E+03
 0.10247E+04
-0.69535E+03
 0.96607E+03
 0.63988E+03
 0.28520E+02
-0.69592E+03
-0.60031E+02
-0.71507E+03
 0.87027E+03
-0.76212E+03
-0.68198E+03
 0.24584E+03
 0.23960E+03
-0.66458E+03
 0.25521E+03
-0.69939E+03
-0.57551E+03
-0.82838E+03
-0.81788E+03
-0.80737E+03
-0.79687E+03
 0.23640E+03
-0.70915E+03
-0.83888E+03
-0.71946E+03
-0.56211E+02
-0.87195E+03
-0.48610E+03
-0.22383E+03
 0.21052E+03
-0.47619E+03
-0.22427E+03
-0.67855E+03
 0.24272E+03
-0.22374E+03
-0.47994E+03
 0.41899E+03
-0.22164E+03
-0.47379E+03
 0.20520E+03
-0.21817E+03
-0.46406E+03
-0.21857E+03
-0.64089E+03
-0.21995E+03
-0.46764E+03
 0.40828E+03
-0.21597E+03
-0.37191E+03
-0.55864E+02
-0.48832E+03
-0.22992E+03
-0.69607E+03
 0.24897E+03
-0.22950E+03
-0.49225E+03
 0.42969E+03
-0.22732E+03
-0.37420E+03
-0.37364E+03
 0.12714E+03
-0.51066E+03
-0.42819E+02
-0.22882E+03
-0.37724E+03
 0.12693E+04
 0.86221E+03
 0.28966E+03
 0.17259E+04
 0.20559E+03
 0.11877E+04
-0.19409E+02
 0.11711E+04
 0.22963E+04
-0.62436E+03
 0.22542E+04
-0.15369E+03
 0.77831E+03
 0.16528E+04
 0.17725E+04
 0.13455E+04
-0.67552E+03
-0.13473E+03
-0.84705E+03
-0.72903E+03
-0.71912E+03
-0.87483E+02
 0.54914E+03
 0.18442E+03
-0.35503E+03
-0.27124E+03
 0.46923E+02
-0.61265E+02
 0.70122E+03
 0.81783E+03
 0.53659E+02
-0.33117E+03
 0.85840E+03
 0.12113E+04
 0.76619E+03
 0.65741E+03
 0.55774E+02
-0.38765E+03
-0.80172E+03
-0.92779E+03
 0.90066E+03
 0.81407E+03
 0.95904E+03
 0.81712E+03
 0.12156E+04
 0.64161E+03
 0.78614E+03
 0.15700E+02
 0.64131E+03
 0.66815E+03
 0.56184E+03
 0.76563E+03
 0.81567E+03
 0.67359E+03
 0.29884E+03
 0.13745E+04
 0.39376E+03
 0.77143E+03
 0.64186E+03
-0.45278E+03
 0.17567E+03
 0.12379E+04
 0.14000E+03
-0.56279E+02
 0.13653E+04
 0.99918E+03
 0.13087E+03
 0.10710E+04
 0.45970E+03
-0.10313E+04
 0.56901E+03
-0.40073E+03
 0.32516E+02
 0.51286E+03
-0.82181E+03
-0.86894E+03
-0.49584E+03
-0.49894E+03
-0.50194E+03
-0.49783E+03
-0.12111E+04
-0.30865E+03
-0.12078E+04
-0.46079E+03
-0.16287E+03
-0.10877E+04
-0.10456E+04
-0.18577E+04
-0.10266E+04
-0.10191E+04
-0.88979E+02
-0.11708E+04
-0.15044E+04
 0.38702E+03
-0.37583E+03
-0.43846E+03
 0.70957E+03
-0.56114E+03
 0.46614E+03
-0.26274E+03
-0.66726E+03
 0.38793E+03
-0.66885E+03
-0.34483E+02
-0.37571E+02
-0.11787E+03
-0.63096E+03
-0.62522E+03
-0.51551E+03
-0.85259E+03
-0.13874E+04
-0.66604E+03
-0.81217E+01
-0.30461E+03
-0.87260E+03
-0.86460E+03
 0.77057E+02
-0.80202E+03
-0.51054E+03
-0.29171E+03
 0.14113E+04
-0.14649E+03
-0.90505E+03
-0.11896E+04
-0.70340E+03
-0.54083E+02
 0.11499E+04
 0.15089E+03
-0.86695E+03
-0.10820E+04
-0.71060E+03
-0.56014E+03
-0.92474E+02
 0.75200E+03
-0.17044E+04
-0.12796E+04
-0.39885E+03
-0.26530E+03
-0.62871E+03
 0.72755E+02
-0.36472E+03
-0.16991E+04
 0.86418E+03
