Ln
part
         1
quad4
 0.13573E+08
 0.12137E+08
 0.13270E+08
 0.92863E+07
 0.10228E+08
 0.11282E+08
 0.10899E+08
 0.11683E+08
 0.12870E+08
 0.13663E+08
 0.12648E+08
 0.14718E+08
 0.14517E+08
 0.14621E+08
 0.14073E+08
 0.14623E+08
 0.15063E+08
 0.15112E+08
 0.14315E+08
 0.15121E+08
 0.14474E+08
 0.14681E+08
 0.14911E+08
 0.14300E+08
 0.14278E+08
 0.14291E+08
 0.14142E+08
 0.14228E+08
 0.14201E+08
 0.13962E+08
 0.14065E+08
 0.14218E+08
 0.14029E+08
 0.15591E+08
 0.13917E+08
 0.14813E+08
 0.14927E+08
 0.13400E+08
 0.14390E+08
 0.14354E+08
 0.14704E+08
 0.15108E+08
 0.14853E+08
 0.13947E+08
 0.14802E+08
 0.14965E+08
 0.14536E+08
 0.14483E+08
 0.14464E+08
 0.14381E+08
 0.14620E+08
 0.15475E+08
 0.14129E+08
 0.14128E+08
 0.14376E+08
 0.14278E+08
 0.14873E+08
 0.14538E+08
 0.14167E+08
 0.14310E+08
 0.15627E+08
 0.14818E+08
 0.13727E+08
 0.14415E+08
 0.15432E+08
 0.14038E+08
 0.15028E+08
 0.14965E+08
 0.15240E+08
 0.15180E+08
 0.13995E+08
 0.13807E+08
 0.15183E+08
 0.14548E+08
 0.14190E+08
 0.14345E+08
 0.13772E+08
 0.13662E+08
 0.15359E+08
 0.14981E+08
 0.14744E+08
 0.15035E+08
 0.15175E+08
 0.13564E+08
 0.15337E+08
 0.15283E+08
 0.14760E+08
 0.14788E+08
 0.14914E+08
 0.14887E+08
 0.14982E+08
 0.15180E+08
 0.15119E+08
 0.13653E+08
 0.15281E+08
 0.15286E+08
 0.14997E+08
 0.15209E+08
 0.14573E+08
 0.13742E+08
 0.13491E+08
 0.15686E+08
 0.14941E+08
 0.14523E+08
 0.15180E+08
 0.15377E+08
 0.14692E+08
 0.14762E+08
 0.14854E+08
 0.14586E+08
 0.14650E+08
 0.14058E+08
 0.14852E+08
 0.14801E+08
 0.13811E+08
 0.13465E+08
 0.13615E+08
 0.14877E+08
 0.14901E+08
 0.13812E+08
 0.15456E+08
 0.13881E+08
 0.13871E+08
 0.13962E+08
 0.15032E+08
 0.14582E+08
 0.13785E+08
 0.13678E+08
 0.13537E+08
 0.14984E+08
 0.14697E+08
 0.15568E+08
 0.15594E+08
 0.15340E+08
 0.15305E+08
 0.15315E+08
 0.15258E+08
 0.13841E+08
 0.15405E+08
 0.13913E+08
 0.15418E+08
 0.15206E+08
 0.15245E+08
 0.13739E+08
 0.14808E+08
 0.13515E+08
 0.13616E+08
 0.13593E+08
 0.13466E+08
 0.13629E+08
 0.13433E+08
 0.13393E+08
 0.14008E+08
 0.13912E+08
 0.15271E+08
 0.13760E+08
 0.13740E+08
 0.15286E+08
 0.15621E+08
 0.14955E+08
 0.15370E+08
 0.15382E+08
 0.13568E+08
 0.13620E+08
 0.13567E+08
 0.15053E+08
 0.13511E+08
 0.13400E+08
 0.13489E+08
 0.13365E+08
 0.13358E+08
 0.13936E+08
 0.15412E+08
 0.15636E+08
 0.15509E+08
 0.15505E+08
 0.15577E+08
 0.15468E+08
 0.15160E+08
 0.13428E+08
 0.13451E+08
 0.15610E+08
 0.16677E+08
 0.15495E+08
 0.15693E+08
 0.15664E+08
 0.15536E+08
 0.15615E+08
 0.15697E+08
 0.15664E+08
 0.82447E+07
 0.86057E+07
 0.95270E+07
 0.98601E+07
 0.86847E+07
 0.87727E+07
 0.88745E+07
 0.96335E+07
 0.92644E+07
 0.92359E+07
 0.92729E+07
 0.84564E+07
 0.84154E+07
 0.82509E+07
 0.82265E+07
 0.86064E+07
 0.87970E+07
 0.91080E+07
 0.91294E+07
 0.85689E+07
 0.85361E+07
 0.88550E+07
 0.87906E+07
 0.93920E+07
 0.89154E+07
 0.90816E+07
 0.84476E+07
 0.87567E+07
 0.84647E+07
 0.86925E+07
 0.85674E+07
 0.86894E+07
 0.94817E+07
 0.86720E+07
 0.88546E+07
 0.79611E+07
 0.84189E+07
 0.92129E+07
 0.92022E+07
 0.89788E+07
 0.94506E+07
 0.91064E+07
 0.90864E+07
 0.94002E+07
 0.88176E+07
 0.87892E+07
 0.90506E+07
 0.96328E+07
 0.91233E+07
 0.87415E+07
 0.97121E+07
 0.89126E+07
 0.83684E+07
 0.84799E+07
 0.85484E+07
 0.95599E+07
 0.95433E+07
 0.87078E+07
 0.92447E+07
 0.83943E+07
 0.83568E+07
 0.81669E+07
 0.86501E+07
 0.85313E+07
 0.91728E+07
 0.87516E+07
 0.95540E+07
 0.91626E+07
 0.88488E+07
 0.88658E+07
 0.81226E+07
 0.92048E+07
 0.84386E+07
 0.94265E+07
 0.93076E+07
 0.89510E+07
 0.90574E+07
 0.94536E+07
 0.89459E+07
 0.93384E+07
 0.88738E+07
 0.87753E+07
 0.90078E+07
 0.84994E+07
 0.84329E+07
 0.95750E+07
 0.83933E+07
 0.95858E+07
 0.82111E+07
 0.82654E+07
 0.83501E+07
 0.86357E+07
 0.86722E+07
 0.86181E+07
 0.86083E+07
 0.83790E+07
 0.88848E+07
 0.89263E+07
 0.93589E+07
 0.94336E+07
 0.94114E+07
 0.95404E+07
 0.80547E+07
 0.82969E+07
 0.90249E+07
 0.90482E+07
 0.90409E+07
 0.93043E+07
 0.82868E+07
 0.96775E+07
 0.83360E+07
 0.96405E+07
 0.84765E+07
 0.80130E+07
 0.80002E+07
 0.82569E+07
 0.81089E+07
 0.96857E+07
 0.96294E+07
 0.81937E+07
 0.81540E+07
 0.81768E+07
 0.82407E+07
 0.83247E+07
 0.94070E+07
 0.94361E+07
 0.94296E+07
 0.81067E+07
 0.89725E+07
 0.94914E+07
 0.96973E+07
 0.79867E+07
 0.79846E+07
 0.80206E+07
 0.96655E+07
 0.97476E+07
 0.81287E+07
 0.80792E+07
 0.80797E+07
 0.93454E+07
 0.95236E+07
 0.96064E+07
 0.80068E+07
 0.80254E+07
 0.50372E+07
 0.97416E+07
 0.97064E+07
 0.77922E+07
 0.85693E+07
 0.11161E+08
 0.11037E+08
 0.10576E+08
 0.10747E+08
 0.10648E+08
 0.10581E+08
 0.10780E+08
 0.11021E+08
 0.11218E+08
 0.10407E+08
 0.10681E+08
 0.10632E+08
 0.10479E+08
 0.10720E+08
 0.10557E+08
 0.10543E+08
 0.10889E+08
 0.10944E+08
 0.10515E+08
 0.10870E+08
 0.10830E+08
 0.10988E+08
 0.11317E+08
 0.10591E+08
 0.10662E+08
 0.11094E+08
 0.11186E+08
 0.10532E+08
 0.10421E+08
 0.11012E+08
 0.10978E+08
 0.10804E+08
 0.10628E+08
 0.10912E+08
 0.10935E+08
 0.10736E+08
 0.10499E+08
 0.10765E+08
 0.10859E+08
 0.11288E+08
 0.10313E+08
 0.10946E+08
 0.10565E+08
 0.11151E+08
 0.11352E+08
 0.10608E+08
 0.10381E+08
 0.11180E+08
 0.11097E+08
 0.10503E+08
 0.10828E+08
 0.10635E+08
 0.10429E+08
 0.10767E+08
 0.11242E+08
 0.10297E+08
 0.10243E+08
 0.10661E+08
 0.11072E+08
 0.11077E+08
 0.11147E+08
 0.10533E+08
 0.10396E+08
 0.10312E+08
 0.10438E+08
 0.10497E+08
 0.10376E+08
 0.11314E+08
 0.11356E+08
 0.10286E+08
 0.10339E+08
 0.10450E+08
 0.10296E+08
 0.11237E+08
 0.11380E+08
 0.10332E+08
 0.10259E+08
 0.11348E+08
 0.10262E+08
 0.10243E+08
 0.10243E+08
 0.11924E+08
 0.11805E+08
 0.11574E+08
 0.11622E+08
 0.11505E+08
 0.11435E+08
 0.11642E+08
 0.11853E+08
 0.11733E+08
 0.11638E+08
 0.11543E+08
 0.11519E+08
 0.11608E+08
 0.11656E+08
 0.11709E+08
 0.11774E+08
 0.11699E+08
 0.11834E+08
 0.11754E+08
 0.11942E+08
 0.11523E+08
 0.11991E+08
 0.12075E+08
 0.11418E+08
 0.11720E+08
 0.11877E+08
 0.11671E+08
 0.11792E+08
 0.11821E+08
 0.11856E+08
 0.11465E+08
 0.12059E+08
 0.11520E+08
 0.11991E+08
 0.11962E+08
 0.11416E+08
 0.11717E+08
 0.11716E+08
 0.11806E+08
 0.11841E+08
 0.11764E+08
 0.11451E+08
 0.11856E+08
 0.11485E+08
 0.11468E+08
 0.11630E+08
 0.12014E+08
 0.11898E+08
 0.11896E+08
 0.11472E+08
 0.12099E+08
 0.12065E+08
 0.12128E+08
 0.11425E+08
 0.12108E+08
 0.12168E+08
 0.12135E+08
 0.13105E+08
 0.12639E+08
 0.12656E+08
 0.12983E+08
 0.12846E+08
 0.12731E+08
 0.12518E+08
 0.12915E+08
 0.12816E+08
 0.12596E+08
 0.12868E+08
 0.12531E+08
 0.12776E+08
 0.13148E+08
 0.12687E+08
 0.12476E+08
 0.12718E+08
 0.12805E+08
 0.13081E+08
 0.13022E+08
 0.12750E+08
 0.12658E+08
 0.12609E+08
 0.12945E+08
 0.12839E+08
 0.12938E+08
 0.12587E+08
 0.12883E+08
 0.12420E+08
 0.13279E+08
 0.12755E+08
 0.12570E+08
 0.12653E+08
 0.12806E+08
 0.13120E+08
 0.12827E+08
 0.13052E+08
 0.12776E+08
 0.13343E+08
 0.12974E+08
 0.12530E+08
 0.12957E+08
 0.12923E+08
 0.12361E+08
 0.12761E+08
 0.12697E+08
 0.12425E+08
 0.12513E+08
 0.12496E+08
 0.13184E+08
 0.13208E+08
 0.12719E+08
 0.12246E+08
 0.12577E+08
 0.13023E+08
 0.13028E+08
 0.12532E+08
 0.13187E+08
 0.12296E+08
 0.12371E+08
 0.12386E+08
 0.12436E+08
 0.13140E+08
 0.12237E+08
 0.12175E+08
 0.13151E+08
 0.12610E+08
 0.12320E+08
 0.13106E+08
 0.13237E+08
 0.12316E+08
 0.12249E+08
 0.12465E+08
 0.13203E+08
 0.12398E+08
 0.12218E+08
 0.12277E+08
 0.12229E+08
 0.12269E+08
 0.12192E+08
 0.12193E+08
 0.12191E+08
 0.12175E+08
 0.14235E+08
 0.15060E+08
 0.14445E+08
 0.14121E+08
 0.14544E+08
 0.14573E+08
 0.14745E+08
 0.14664E+08
 0.14419E+08
 0.13342E+08
 0.13721E+08
 0.13836E+08
 0.15148E+08
 0.13477E+08
 0.13496E+08
 0.13410E+08
 0.15466E+08
 0.13420E+08
 0.15605E+08
 0.15575E+08
 0.15552E+08
 0.15565E+08
 0.99806E+07
 0.85826E+07
 0.88666E+07
 0.92768E+07
 0.90853E+07
 0.92406E+07
 0.84085E+07
 0.85178E+07
 0.87855E+07
 0.95390E+07
 0.91244E+07
 0.89417E+07
 0.95842E+07
 0.89675E+07
 0.93684E+07
 0.94842E+07
 0.84932E+07
 0.93205E+07
 0.92909E+07
 0.80627E+07
 0.96687E+07
 0.97368E+07
 0.80917E+07
 0.81084E+07
 0.80164E+07
 0.11034E+08
 0.11057E+08
 0.11194E+08
 0.11243E+08
 0.11310E+08
 0.10283E+08
 0.11383E+08
 0.11619E+08
 0.11575E+08
 0.11574E+08
 0.11570E+08
 0.11928E+08
 0.11983E+08
 0.11501E+08
 0.11397E+08
 0.11396E+08
 0.11392E+08
 0.12041E+08
 0.12085E+08
 0.12138E+08
 0.13006E+08
 0.12983E+08
 0.13326E+08
 0.13316E+08
 0.13262E+08
 0.12337E+08
 0.13141E+08
 0.13178E+08
 0.13316E+08
 0.13309E+08
 0.13241E+08
 0.12220E+08
 0.10191E+08
 0.10112E+08
 0.11929E+08
 0.11954E+08
 0.99210E+07
 0.99373E+07
 0.98164E+07
 0.97995E+07
 0.10055E+08
 0.10040E+08
 0.10164E+08
 0.99596E+07
 0.98992E+07
 0.98384E+07
 0.97776E+07
 0.97559E+07
 0.10085E+08
 0.10019E+08
 0.10143E+08
 0.10130E+08
 0.10197E+08
 0.99790E+07
 0.99719E+07
 0.99680E+07
 0.99372E+07
 0.99446E+07
 0.98812E+07
 0.98771E+07
 0.98834E+07
 0.99189E+07
 0.99130E+07
 0.99113E+07
 0.98576E+07
 0.98476E+07
 0.98510E+07
 0.98157E+07
 0.98232E+07
 0.97596E+07
 0.97621E+07
 0.97968E+07
 0.97915E+07
 0.97895E+07
 0.10088E+08
 0.10100E+08
 0.10056E+08
 0.10064E+08
 0.10002E+08
 0.99970E+07
 0.10004E+08
 0.10039E+08
 0.10032E+08
 0.10031E+08
 0.10118E+08
 0.10147E+08
 0.10166E+08
 0.10221E+08
 0.10214E+08
 0.10212E+08
 0.10181E+08
 0.14028E+08
 0.14080E+08
 0.14361E+08
 0.14744E+08
 0.14222E+08
 0.14192E+08
 0.14453E+08
 0.14471E+08
 0.14067E+08
 0.15147E+08
 0.14182E+08
 0.13833E+08
 0.14862E+08
 0.14618E+08
 0.14610E+08
 0.13904E+08
 0.15586E+08
 0.15630E+08
 0.15522E+08
 0.91640E+07
 0.87186E+07
 0.87445E+07
 0.85033E+07
 0.83651E+07
 0.83390E+07
 0.81684E+07
 0.83134E+07
 0.86574E+07
 0.81321E+07
 0.11005E+08
 0.10706E+08
 0.10698E+08
 0.10614E+08
 0.10848E+08
 0.10907E+08
 0.10965E+08
 0.10752E+08
 0.10468E+08
 0.11123E+08
 0.10967E+08
 0.10378E+08
 0.11173E+08
 0.11102E+08
 0.10458E+08
 0.10844E+08
 0.10883E+08
 0.10421E+08
 0.10417E+08
 0.10799E+08
 0.11127E+08
 0.11258E+08
 0.11289E+08
 0.12026E+08
 0.11886E+08
 0.12012E+08
 0.11990E+08
 0.12024E+08
 0.12093E+08
 0.12104E+08
 0.12858E+08
 0.12569E+08
 0.12912E+08
 0.12422E+08
 0.13037E+08
 0.13120E+08
 0.12314E+08
 0.12324E+08
 0.13214E+08
 0.13972E+08
 0.14262E+08
 0.91106E+07
 0.94047E+07
 0.80437E+07
 0.11625E+08
 0.13342E+08
 0.13291E+08
 0.10084E+08
 0.10115E+08
 0.10145E+08
 0.10163E+08
 0.14764E+08
 0.14823E+08
 0.14997E+08
 0.15348E+08
 0.15329E+08
 0.15294E+08
 0.14961E+08
 0.15069E+08
 0.15431E+08
 0.15048E+08
 0.15410E+08
 0.15162E+08
 0.15505E+08
 0.15499E+08
 0.13382E+08
 0.15641E+08
 0.94661E+07
 0.10604E+08
 0.11236E+08
 0.10348E+08
 0.10636E+08
 0.10589E+08
 0.10667E+08
 0.10528E+08
 0.10478E+08
 0.10471E+08
 0.10307E+08
 0.10337E+08
 0.10258E+08
 0.11676E+08
 0.11527E+08
 0.11712E+08
 0.11757E+08
 0.11804E+08
 0.11829E+08
 0.11767E+08
 0.11883E+08
 0.11655E+08
 0.11461E+08
 0.11436E+08
 0.13056E+08
 0.12901E+08
 0.12580E+08
 0.12614E+08
 0.12452E+08
 0.12516E+08
 0.12418E+08
 0.12419E+08
 0.12239E+08
 0.12274E+08
 0.12193E+08
 0.15623E+08
 0.11627E+08
 0.12670E+08
 0.12358E+08
 0.14893E+08
 0.10701E+08
 0.10363E+08
 0.10434E+08
 0.11572E+08
 0.12298E+08
 0.13670E+08
 0.13921E+08
