Sn
part
         1
quad4
 0.27144E-03
 0.24271E-03
 0.26536E-03
 0.18571E-03
 0.20454E-03
 0.22563E-03
 0.21794E-03
 0.23365E-03
 0.25738E-03
 0.27321E-03
 0.25296E-03
 0.29433E-03
 0.29033E-03
 0.29236E-03
 0.28135E-03
 0.29243E-03
 0.30123E-03
 0.30224E-03
 0.28625E-03
 0.30240E-03
 0.28948E-03
 0.29356E-03
 0.29822E-03
 0.28594E-03
 0.28554E-03
 0.28578E-03
 0.28278E-03
 0.28454E-03
 0.28395E-03
 0.27923E-03
 0.28127E-03
 0.28433E-03
 0.28056E-03
 0.31178E-03
 0.27832E-03
 0.29623E-03
 0.29846E-03
 0.26799E-03
 0.28777E-03
 0.28704E-03
 0.29405E-03
 0.30213E-03
 0.29701E-03
 0.27888E-03
 0.29600E-03
 0.29927E-03
 0.29069E-03
 0.28961E-03
 0.28923E-03
 0.28757E-03
 0.29233E-03
 0.30946E-03
 0.28254E-03
 0.28253E-03
 0.28753E-03
 0.28551E-03
 0.29746E-03
 0.29074E-03
 0.28331E-03
 0.28620E-03
 0.31249E-03
 0.29636E-03
 0.27449E-03
 0.28828E-03
 0.30861E-03
 0.28073E-03
 0.30052E-03
 0.29927E-03
 0.30474E-03
 0.30360E-03
 0.27988E-03
 0.27609E-03
 0.30364E-03
 0.29088E-03
 0.28378E-03
 0.28684E-03
 0.27542E-03
 0.27321E-03
 0.30715E-03
 0.29961E-03
 0.29484E-03
 0.30065E-03
 0.30348E-03
 0.27122E-03
 0.30672E-03
 0.30564E-03
 0.29516E-03
 0.29575E-03
 0.29828E-03
 0.29772E-03
 0.29961E-03
 0.30358E-03
 0.30232E-03
 0.27308E-03
 0.30561E-03
 0.30570E-03
 0.29990E-03
 0.30411E-03
 0.29142E-03
 0.27480E-03
 0.26979E-03
 0.31368E-03
 0.29879E-03
 0.29044E-03
 0.30360E-03
 0.30747E-03
 0.29384E-03
 0.29520E-03
 0.29707E-03
 0.29169E-03
 0.29298E-03
 0.28108E-03
 0.29704E-03
 0.29599E-03
 0.27620E-03
 0.26929E-03
 0.27227E-03
 0.29753E-03
 0.29800E-03
 0.27616E-03
 0.30912E-03
 0.27759E-03
 0.27739E-03
 0.27920E-03
 0.30063E-03
 0.29159E-03
 0.27566E-03
 0.27349E-03
 0.27072E-03
 0.29966E-03
 0.29390E-03
 0.31135E-03
 0.31187E-03
 0.30678E-03
 0.30608E-03
 0.30628E-03
 0.30513E-03
 0.27678E-03
 0.30804E-03
 0.27825E-03
 0.30836E-03
 0.30405E-03
 0.30487E-03
 0.27479E-03
 0.29615E-03
 0.27023E-03
 0.27227E-03
 0.27182E-03
 0.26931E-03
 0.27252E-03
 0.26865E-03
 0.26783E-03
 0.28014E-03
 0.27821E-03
 0.30538E-03
 0.27518E-03
 0.27478E-03
 0.30568E-03
 0.31240E-03
 0.29909E-03
 0.30736E-03
 0.30756E-03
 0.27135E-03
 0.27237E-03
 0.27134E-03
 0.30104E-03
 0.27016E-03
 0.26797E-03
 0.26975E-03
 0.26727E-03
 0.26716E-03
 0.27869E-03
 0.30806E-03
 0.31267E-03
 0.31012E-03
 0.31005E-03
 0.31152E-03
 0.30933E-03
 0.30316E-03
 0.26854E-03
 0.26902E-03
 0.31215E-03
 0.33455E-03
 0.30991E-03
 0.31386E-03
 0.31325E-03
 0.31070E-03
 0.31228E-03
 0.31397E-03
 0.31324E-03
 0.16489E-03
 0.17211E-03
 0.19054E-03
 0.19719E-03
 0.17369E-03
 0.17545E-03
 0.17748E-03
 0.19266E-03
 0.18528E-03
 0.18471E-03
 0.18546E-03
 0.16912E-03
 0.16830E-03
 0.16500E-03
 0.16451E-03
 0.17213E-03
 0.17590E-03
 0.18214E-03
 0.18259E-03
 0.17137E-03
 0.17070E-03
 0.17710E-03
 0.17580E-03
 0.18783E-03
 0.17828E-03
 0.18161E-03
 0.16894E-03
 0.17512E-03
 0.16928E-03
 0.17383E-03
 0.17135E-03
 0.17378E-03
 0.18960E-03
 0.17344E-03
 0.17708E-03
 0.15921E-03
 0.16837E-03
 0.18422E-03
 0.18403E-03
 0.17954E-03
 0.18899E-03
 0.18212E-03
 0.18172E-03
 0.18800E-03
 0.17632E-03
 0.17577E-03
 0.18099E-03
 0.19263E-03
 0.18242E-03
 0.17481E-03
 0.19424E-03
 0.17824E-03
 0.16735E-03
 0.16958E-03
 0.17095E-03
 0.19119E-03
 0.19085E-03
 0.17415E-03
 0.18488E-03
 0.16788E-03
 0.16712E-03
 0.16331E-03
 0.17300E-03
 0.17063E-03
 0.18342E-03
 0.17502E-03
 0.19107E-03
 0.18323E-03
 0.17696E-03
 0.17731E-03
 0.16244E-03
 0.18408E-03
 0.16875E-03
 0.18852E-03
 0.18614E-03
 0.17901E-03
 0.18111E-03
 0.18903E-03
 0.17891E-03
 0.18677E-03
 0.17745E-03
 0.17549E-03
 0.18014E-03
 0.16998E-03
 0.16865E-03
 0.19148E-03
 0.16785E-03
 0.19168E-03
 0.16421E-03
 0.16528E-03
 0.16699E-03
 0.17271E-03
 0.17342E-03
 0.17236E-03
 0.17215E-03
 0.16757E-03
 0.17767E-03
 0.17851E-03
 0.18716E-03
 0.18867E-03
 0.18821E-03
 0.19080E-03
 0.16108E-03
 0.16591E-03
 0.18049E-03
 0.18094E-03
 0.18081E-03
 0.18606E-03
 0.16571E-03
 0.19355E-03
 0.16670E-03
 0.19277E-03
 0.16952E-03
 0.16025E-03
 0.16000E-03
 0.16513E-03
 0.16218E-03
 0.19368E-03
 0.19257E-03
 0.16385E-03
 0.16306E-03
 0.16352E-03
 0.16480E-03
 0.16649E-03
 0.18813E-03
 0.18871E-03
 0.18857E-03
 0.16213E-03
 0.17943E-03
 0.18980E-03
 0.19393E-03
 0.15973E-03
 0.15969E-03
 0.16040E-03
 0.19327E-03
 0.19495E-03
 0.16254E-03
 0.16157E-03
 0.16159E-03
 0.18689E-03
 0.19046E-03
 0.19210E-03
 0.16012E-03
 0.16048E-03
 0.97609E-04
 0.19480E-03
 0.19409E-03
 0.15565E-03
 0.17218E-03
 0.22319E-03
 0.22071E-03
 0.21150E-03
 0.21493E-03
 0.21295E-03
 0.21161E-03
 0.21558E-03
 0.22042E-03
 0.22432E-03
 0.20814E-03
 0.21360E-03
 0.21262E-03
 0.20957E-03
 0.21437E-03
 0.21113E-03
 0.21084E-03
 0.21776E-03
 0.21886E-03
 0.21028E-03
 0.21737E-03
 0.21658E-03
 0.21974E-03
 0.22630E-03
 0.21181E-03
 0.21322E-03
 0.22185E-03
 0.22371E-03
 0.21062E-03
 0.20841E-03
 0.22021E-03
 0.21952E-03
 0.21606E-03
 0.21255E-03
 0.21825E-03
 0.21869E-03
 0.21471E-03
 0.20997E-03
 0.21529E-03
 0.21716E-03
 0.22573E-03
 0.20624E-03
 0.21890E-03
 0.21129E-03
 0.22301E-03
 0.22700E-03
 0.21214E-03
 0.20761E-03
 0.22357E-03
 0.22189E-03
 0.21005E-03
 0.21657E-03
 0.21270E-03
 0.20856E-03
 0.21534E-03
 0.22479E-03
 0.20595E-03
 0.20484E-03
 0.21321E-03
 0.22141E-03
 0.22153E-03
 0.22290E-03
 0.21064E-03
 0.20791E-03
 0.20623E-03
 0.20874E-03
 0.20992E-03
 0.20750E-03
 0.22624E-03
 0.22711E-03
 0.20569E-03
 0.20677E-03
 0.20897E-03
 0.20590E-03
 0.22472E-03
 0.22757E-03
 0.20662E-03
 0.20517E-03
 0.22693E-03
 0.20522E-03
 0.20484E-03
 0.20484E-03
 0.23845E-03
 0.23609E-03
 0.23148E-03
 0.23243E-03
 0.23008E-03
 0.22869E-03
 0.23282E-03
 0.23704E-03
 0.23463E-03
 0.23275E-03
 0.23081E-03
 0.23037E-03
 0.23215E-03
 0.23310E-03
 0.23416E-03
 0.23548E-03
 0.23395E-03
 0.23667E-03
 0.23507E-03
 0.23881E-03
 0.23044E-03
 0.23977E-03
 0.24148E-03
 0.22835E-03
 0.23438E-03
 0.23752E-03
 0.23339E-03
 0.23581E-03
 0.23640E-03
 0.23710E-03
 0.22928E-03
 0.24116E-03
 0.23038E-03
 0.23980E-03
 0.23920E-03
 0.22831E-03
 0.23434E-03
 0.23429E-03
 0.23612E-03
 0.23682E-03
 0.23527E-03
 0.22900E-03
 0.23711E-03
 0.22969E-03
 0.22934E-03
 0.23258E-03
 0.24022E-03
 0.23792E-03
 0.23790E-03
 0.22944E-03
 0.24195E-03
 0.24128E-03
 0.24256E-03
 0.22849E-03
 0.24212E-03
 0.24333E-03
 0.24266E-03
 0.26207E-03
 0.25276E-03
 0.25312E-03
 0.25962E-03
 0.25690E-03
 0.25460E-03
 0.25035E-03
 0.25827E-03
 0.25629E-03
 0.25190E-03
 0.25732E-03
 0.25061E-03
 0.25550E-03
 0.26295E-03
 0.25371E-03
 0.24951E-03
 0.25435E-03
 0.25610E-03
 0.26161E-03
 0.26040E-03
 0.25496E-03
 0.25312E-03
 0.25215E-03
 0.25887E-03
 0.25674E-03
 0.25872E-03
 0.25172E-03
 0.25764E-03
 0.24835E-03
 0.26554E-03
 0.25508E-03
 0.25136E-03
 0.25300E-03
 0.25609E-03
 0.26238E-03
 0.25649E-03
 0.26097E-03
 0.25546E-03
 0.26684E-03
 0.25946E-03
 0.25056E-03
 0.25908E-03
 0.25843E-03
 0.24720E-03
 0.25520E-03
 0.25390E-03
 0.24845E-03
 0.25024E-03
 0.24990E-03
 0.26364E-03
 0.26412E-03
 0.25436E-03
 0.24489E-03
 0.25151E-03
 0.26044E-03
 0.26056E-03
 0.25062E-03
 0.26372E-03
 0.24588E-03
 0.24739E-03
 0.24769E-03
 0.24865E-03
 0.26276E-03
 0.24473E-03
 0.24348E-03
 0.26299E-03
 0.25218E-03
 0.24635E-03
 0.26209E-03
 0.26469E-03
 0.24629E-03
 0.24497E-03
 0.24923E-03
 0.26402E-03
 0.24793E-03
 0.24432E-03
 0.24552E-03
 0.24455E-03
 0.24536E-03
 0.24381E-03
 0.24382E-03
 0.24382E-03
 0.24349E-03
 0.28466E-03
 0.30118E-03
 0.28889E-03
 0.28239E-03
 0.29084E-03
 0.29141E-03
 0.29487E-03
 0.29324E-03
 0.28835E-03
 0.26681E-03
 0.27440E-03
 0.27665E-03
 0.30294E-03
 0.26952E-03
 0.26990E-03
 0.26814E-03
 0.30930E-03
 0.26838E-03
 0.31208E-03
 0.31147E-03
 0.31100E-03
 0.31129E-03
 0.19960E-03
 0.17163E-03
 0.17732E-03
 0.18550E-03
 0.18169E-03
 0.18481E-03
 0.16816E-03
 0.17035E-03
 0.17570E-03
 0.19077E-03
 0.18245E-03
 0.17882E-03
 0.19166E-03
 0.17934E-03
 0.18735E-03
 0.18967E-03
 0.16986E-03
 0.18640E-03
 0.18580E-03
 0.16123E-03
 0.19337E-03
 0.19472E-03
 0.16183E-03
 0.16215E-03
 0.16035E-03
 0.22066E-03
 0.22110E-03
 0.22386E-03
 0.22485E-03
 0.22617E-03
 0.20565E-03
 0.22764E-03
 0.23238E-03
 0.23148E-03
 0.23145E-03
 0.23138E-03
 0.23854E-03
 0.23966E-03
 0.23001E-03
 0.22793E-03
 0.22791E-03
 0.22783E-03
 0.24079E-03
 0.24170E-03
 0.24274E-03
 0.26008E-03
 0.25962E-03
 0.26650E-03
 0.26629E-03
 0.26519E-03
 0.24672E-03
 0.26277E-03
 0.26352E-03
 0.26631E-03
 0.26618E-03
 0.26480E-03
 0.24437E-03
 0.20382E-03
 0.20223E-03
 0.23854E-03
 0.23906E-03
 0.19840E-03
 0.19873E-03
 0.19631E-03
 0.19597E-03
 0.20107E-03
 0.20078E-03
 0.20326E-03
 0.19918E-03
 0.19797E-03
 0.19675E-03
 0.19554E-03
 0.19510E-03
 0.20169E-03
 0.20037E-03
 0.20284E-03
 0.20259E-03
 0.20392E-03
 0.19958E-03
 0.19943E-03
 0.19934E-03
 0.19873E-03
 0.19889E-03
 0.19761E-03
 0.19753E-03
 0.19766E-03
 0.19838E-03
 0.19824E-03
 0.19822E-03
 0.19715E-03
 0.19693E-03
 0.19701E-03
 0.19630E-03
 0.19646E-03
 0.19518E-03
 0.19523E-03
 0.19593E-03
 0.19581E-03
 0.19578E-03
 0.20174E-03
 0.20199E-03
 0.20111E-03
 0.20127E-03
 0.20003E-03
 0.19992E-03
 0.20007E-03
 0.20078E-03
 0.20063E-03
 0.20060E-03
 0.20234E-03
 0.20293E-03
 0.20331E-03
 0.20442E-03
 0.20427E-03
 0.20422E-03
 0.20359E-03
 0.28054E-03
 0.28153E-03
 0.28719E-03
 0.29487E-03
 0.28439E-03
 0.28382E-03
 0.28903E-03
 0.28939E-03
 0.28131E-03
 0.30292E-03
 0.28359E-03
 0.27663E-03
 0.29722E-03
 0.29231E-03
 0.29218E-03
 0.27803E-03
 0.31169E-03
 0.31256E-03
 0.31039E-03
 0.18327E-03
 0.17435E-03
 0.17487E-03
 0.17006E-03
 0.16729E-03
 0.16677E-03
 0.16335E-03
 0.16626E-03
 0.17314E-03
 0.16264E-03
 0.22005E-03
 0.21412E-03
 0.21394E-03
 0.21228E-03
 0.21692E-03
 0.21810E-03
 0.21929E-03
 0.21502E-03
 0.20934E-03
 0.22244E-03
 0.21932E-03
 0.20755E-03
 0.22341E-03
 0.22201E-03
 0.20914E-03
 0.21687E-03
 0.21765E-03
 0.20841E-03
 0.20834E-03
 0.21597E-03
 0.22252E-03
 0.22512E-03
 0.22576E-03
 0.24050E-03
 0.23768E-03
 0.24022E-03
 0.23976E-03
 0.24047E-03
 0.24185E-03
 0.24204E-03
 0.25713E-03
 0.25135E-03
 0.25822E-03
 0.24844E-03
 0.26070E-03
 0.26237E-03
 0.24625E-03
 0.24649E-03
 0.26422E-03
 0.27937E-03
 0.28520E-03
 0.18220E-03
 0.18809E-03
 0.16087E-03
 0.23248E-03
 0.26682E-03
 0.26578E-03
 0.20167E-03
 0.20228E-03
 0.20290E-03
 0.20323E-03
 0.29523E-03
 0.29645E-03
 0.29991E-03
 0.30693E-03
 0.30656E-03
 0.30585E-03
 0.29919E-03
 0.30134E-03
 0.30858E-03
 0.30092E-03
 0.30818E-03
 0.30320E-03
 0.31007E-03
 0.30996E-03
 0.26762E-03
 0.31279E-03
 0.18412E-03
 0.21206E-03
 0.22469E-03
 0.20694E-03
 0.21270E-03
 0.21177E-03
 0.21332E-03
 0.21055E-03
 0.20954E-03
 0.20942E-03
 0.20612E-03
 0.20671E-03
 0.20515E-03
 0.23349E-03
 0.23051E-03
 0.23423E-03
 0.23513E-03
 0.23607E-03
 0.23656E-03
 0.23531E-03
 0.23765E-03
 0.23308E-03
 0.22921E-03
 0.22870E-03
 0.26107E-03
 0.25799E-03
 0.25156E-03
 0.25225E-03
 0.24901E-03
 0.25030E-03
 0.24833E-03
 0.24837E-03
 0.24476E-03
 0.24545E-03
 0.24385E-03
 0.31244E-03
 0.23253E-03
 0.25341E-03
 0.24713E-03
 0.29783E-03
 0.21400E-03
 0.20723E-03
 0.20867E-03
 0.23143E-03
 0.24594E-03
 0.27335E-03
 0.27837E-03
