S3
part
         1
quad4
-0.30684E-07
 0.38358E-07
-0.64302E-07
-0.88150E-08
-0.50304E-07
 0.43638E-07
 0.56892E-07
 0.10248E-07
 0.33325E-07
 0.66466E-07
-0.29169E-07
 0.18552E-07
 0.34434E-07
 0.24706E-07
 0.74630E-07
 0.60407E-07
 0.66093E-07
-0.55934E-07
-0.22756E-08
-0.49361E-08
-0.22814E-07
 0.57601E-07
-0.15720E-07
-0.11460E-07
-0.11248E-07
-0.33764E-07
-0.44255E-07
 0.26119E-07
-0.22734E-08
 0.24660E-07
 0.44681E-07
 0.36326E-08
 0.32599E-07
 0.65058E-07
-0.19289E-07
 0.29398E-07
 0.11120E-07
-0.10333E-07
-0.53112E-07
-0.46976E-07
-0.13381E-07
-0.84833E-07
 0.38940E-07
-0.75963E-08
-0.12796E-07
 0.59709E-07
 0.47310E-07
-0.26002E-09
-0.75980E-08
-0.28099E-07
 0.79255E-07
 0.19800E-07
-0.35479E-08
-0.72615E-07
 0.50248E-07
 0.62683E-07
-0.23342E-07
 0.28351E-07
 0.73910E-07
 0.78647E-07
 0.11834E-06
 0.79671E-07
-0.13824E-09
-0.60298E-07
-0.13194E-06
-0.20974E-07
-0.95764E-07
-0.51970E-07
-0.23305E-07
 0.74154E-07
 0.62214E-07
-0.14989E-08
-0.47501E-08
 0.41005E-07
 0.41412E-07
 0.48662E-07
-0.78872E-07
 0.18612E-07
-0.10593E-06
-0.72531E-07
-0.59456E-08
 0.72782E-07
 0.64146E-07
 0.43485E-07
-0.10257E-06
 0.34915E-07
-0.19213E-07
 0.34879E-07
-0.30350E-07
-0.18095E-08
 0.48059E-07
-0.40128E-07
 0.74366E-07
-0.45618E-07
-0.28497E-07
-0.92623E-07
 0.79438E-08
 0.11742E-06
 0.10674E-06
-0.21780E-07
 0.22889E-07
 0.87364E-07
-0.54988E-07
 0.40396E-07
 0.10939E-06
 0.31207E-07
 0.96749E-08
 0.30963E-07
-0.47321E-07
 0.10346E-06
-0.22040E-07
 0.18064E-07
-0.40843E-08
 0.46641E-07
 0.31271E-08
 0.15346E-07
 0.49305E-07
 0.78724E-07
-0.21899E-07
 0.38239E-07
 0.20808E-07
 0.43670E-07
 0.73161E-08
 0.10262E-07
 0.39967E-07
-0.21994E-07
 0.45647E-07
 0.44457E-07
-0.10535E-07
 0.34797E-07
 0.12400E-06
 0.63446E-07
-0.94663E-07
 0.70616E-07
 0.60323E-07
 0.31480E-08
 0.43573E-07
-0.16124E-08
 0.11203E-06
-0.10025E-07
-0.35226E-07
 0.58121E-08
 0.21378E-07
 0.26219E-08
 0.87053E-08
 0.56633E-07
-0.61691E-07
 0.58468E-07
-0.40406E-07
 0.38292E-07
-0.10490E-07
-0.51625E-07
-0.38819E-07
-0.66473E-09
 0.10247E-06
-0.89224E-08
 0.16504E-07
-0.43206E-08
-0.42776E-07
 0.51345E-07
 0.61807E-07
-0.35825E-07
 0.75644E-07
-0.21695E-07
 0.25684E-07
 0.44434E-07
 0.30335E-08
 0.28084E-07
 0.54837E-07
-0.64758E-07
 0.20011E-07
 0.48373E-07
 0.89399E-06
-0.61891E-08
 0.80884E-07
-0.22966E-08
 0.16773E-07
 0.23506E-07
 0.53138E-07
 0.13914E-07
 0.43829E-07
 0.78060E-07
-0.62367E-06
 0.60145E-07
-0.74008E-07
 0.17733E-07
-0.27176E-08
 0.21720E-07
-0.88628E-07
-0.65334E-07
 0.12363E-07
-0.17783E-07
 0.16394E-07
-0.20545E-07
-0.16924E-07
 0.23778E-07
 0.22687E-07
-0.62765E-07
-0.34421E-07
 0.28341E-07
-0.23940E-07
 0.10511E-07
-0.25024E-08
-0.32838E-08
 0.10443E-07
 0.24588E-07
-0.62975E-08
 0.45967E-07
 0.26284E-08
-0.58941E-08
 0.19960E-07
-0.79325E-08
 0.59663E-08
 0.11990E-07
-0.73071E-08
 0.43623E-07
 0.10001E-07
 0.94402E-08
 0.11888E-08
 0.46891E-07
-0.22690E-07
-0.12988E-08
 0.65039E-07
-0.18427E-07
 0.16314E-07
 0.14362E-07
 0.98745E-10
-0.17608E-07
-0.20326E-07
 0.29606E-07
 0.30318E-07
 0.74945E-08
 0.69984E-09
 0.39738E-07
-0.12383E-07
-0.53832E-08
 0.66747E-08
-0.18159E-07
 0.23721E-07
 0.78413E-08
-0.50209E-07
 0.12133E-07
-0.40502E-08
 0.24394E-07
 0.27983E-08
 0.33378E-07
-0.13632E-07
-0.12681E-07
 0.25511E-07
 0.18486E-07
-0.28977E-08
 0.11924E-07
 0.26817E-07
-0.45018E-09
 0.13280E-07
-0.32329E-07
-0.23292E-07
 0.33535E-07
 0.20094E-07
 0.22826E-07
 0.12239E-07
 0.39765E-07
 0.33716E-07
-0.28471E-07
-0.12013E-07
 0.14890E-08
 0.31389E-07
-0.15532E-07
-0.11137E-07
-0.20987E-07
 0.76627E-09
 0.30882E-07
 0.14723E-07
 0.59669E-08
-0.67943E-08
 0.10034E-07
-0.16314E-07
 0.16069E-07
-0.62647E-08
-0.88954E-08
 0.17687E-07
 0.61102E-09
 0.23870E-07
 0.12915E-08
 0.13712E-07
 0.35020E-07
 0.24847E-07
 0.17489E-07
-0.44302E-08
-0.23262E-07
 0.48201E-07
-0.13936E-07
 0.10751E-07
-0.10497E-07
 0.41380E-07
-0.24365E-07
 0.24126E-07
 0.45103E-07
 0.15435E-07
-0.14956E-07
-0.21010E-07
 0.26196E-07
-0.29884E-07
 0.12878E-07
 0.35279E-07
 0.12513E-07
-0.56291E-08
-0.74186E-08
-0.58381E-08
-0.23926E-09
 0.26227E-07
-0.49596E-08
-0.67052E-08
 0.19025E-07
 0.33414E-07
 0.34571E-08
 0.30697E-07
 0.29830E-08
 0.90227E-09
 0.29206E-07
 0.20291E-07
 0.54154E-09
-0.12898E-08
 0.16976E-08
 0.31816E-07
 0.33807E-07
 0.12955E-07
 0.21464E-07
-0.25615E-07
 0.46468E-07
-0.29867E-07
 0.12852E-07
 0.32132E-07
 0.30866E-07
-0.71066E-06
 0.11742E-08
 0.33363E-07
-0.60635E-07
-0.83186E-06
 0.39342E-07
-0.30079E-08
-0.13270E-07
 0.29095E-07
 0.18855E-07
-0.66327E-07
 0.66959E-07
-0.20086E-07
-0.17568E-07
-0.36411E-07
 0.23933E-07
-0.26205E-09
-0.19542E-07
 0.14782E-07
-0.46198E-08
-0.11630E-08
-0.39564E-07
-0.29706E-07
-0.13729E-07
 0.24154E-07
 0.50221E-07
-0.31820E-07
-0.28643E-07
 0.23763E-07
-0.30087E-08
-0.16510E-07
-0.32820E-07
 0.34452E-07
 0.17814E-08
 0.24922E-07
 0.25260E-07
-0.34634E-07
 0.19019E-07
 0.48056E-07
 0.46129E-07
 0.65212E-09
-0.33661E-07
-0.22205E-07
 0.14581E-07
-0.58894E-07
 0.42187E-07
 0.68779E-07
 0.79217E-07
-0.16180E-07
 0.83088E-08
 0.12519E-07
-0.33517E-07
 0.29000E-07
-0.27645E-07
-0.31117E-07
 0.53926E-07
 0.39574E-07
 0.31802E-07
 0.54691E-07
-0.77451E-08
 0.31015E-07
 0.19057E-07
 0.84402E-08
 0.54763E-07
 0.39943E-07
-0.31781E-07
 0.26965E-07
-0.38854E-07
-0.39811E-07
-0.16079E-08
 0.49677E-07
 0.61475E-07
 0.44522E-07
-0.91262E-08
 0.43373E-07
-0.41333E-07
 0.32091E-07
 0.32048E-08
 0.36123E-07
 0.11731E-08
-0.35639E-08
 0.14271E-07
 0.33834E-07
 0.76568E-08
-0.33680E-07
 0.59861E-07
 0.46538E-08
-0.16297E-07
-0.25580E-07
-0.98448E-08
-0.23273E-07
-0.30631E-08
 0.96963E-08
 0.12761E-07
-0.67248E-08
 0.40098E-09
 0.63895E-07
 0.31666E-07
-0.16670E-07
 0.14276E-07
 0.24901E-07
 0.32346E-07
 0.13808E-08
 0.31372E-07
 0.10586E-07
 0.53005E-08
-0.33322E-07
 0.15501E-07
 0.81089E-07
-0.42360E-07
 0.11813E-07
 0.14096E-07
 0.35349E-07
 0.17527E-07
 0.60344E-08
 0.43335E-08
 0.16143E-07
-0.17433E-07
 0.71199E-07
-0.19785E-07
 0.17417E-07
-0.21645E-08
 0.46242E-07
 0.45414E-07
 0.12744E-07
 0.45579E-07
 0.11325E-07
-0.71136E-08
 0.53915E-07
-0.35249E-07
 0.63233E-07
 0.13342E-07
 0.73439E-08
 0.31651E-07
-0.74126E-08
 0.50693E-07
-0.26728E-07
 0.64871E-07
 0.52622E-07
-0.41826E-08
 0.15533E-07
-0.32336E-07
 0.46650E-07
 0.40509E-07
 0.16480E-07
 0.14071E-07
 0.89062E-08
-0.43108E-07
-0.17062E-07
-0.91009E-08
-0.84050E-07
 0.70677E-08
 0.24026E-07
-0.73925E-07
-0.10138E-06
-0.69303E-07
 0.44538E-07
 0.91893E-08
-0.53042E-07
-0.43945E-07
 0.61372E-09
-0.27412E-07
-0.24521E-07
-0.25912E-07
 0.45457E-07
 0.11910E-07
 0.46168E-07
 0.31154E-07
-0.22614E-08
-0.61431E-07
 0.10335E-06
 0.27567E-07
 0.69558E-07
-0.22577E-07
-0.57313E-07
-0.81158E-08
 0.19918E-07
-0.61743E-08
-0.18854E-07
-0.43588E-08
 0.16777E-08
-0.32647E-07
-0.42094E-07
 0.88351E-07
-0.38922E-07
 0.76605E-07
 0.21529E-09
 0.33744E-07
-0.15052E-07
-0.18097E-07
-0.21410E-07
-0.67139E-07
 0.35146E-07
 0.10617E-07
 0.50136E-07
 0.58633E-07
 0.40054E-07
 0.78799E-07
 0.54657E-07
 0.96167E-07
 0.68375E-08
 0.18470E-07
-0.47979E-07
-0.11284E-07
 0.14878E-07
-0.82819E-08
 0.44197E-07
 0.27217E-07
 0.77962E-08
 0.10388E-07
-0.45737E-07
 0.41954E-07
 0.86523E-08
 0.61710E-07
-0.52307E-07
 0.80239E-07
 0.95127E-07
 0.58790E-07
 0.63140E-07
-0.41135E-07
 0.52593E-08
-0.42004E-08
 0.20426E-07
 0.96406E-08
 0.61527E-08
 0.71916E-07
-0.23424E-07
 0.46952E-07
 0.18971E-07
 0.24665E-07
 0.65253E-07
 0.87790E-08
-0.61426E-07
 0.32153E-07
 0.37190E-07
 0.53719E-07
-0.22195E-08
-0.48375E-07
-0.55686E-07
 0.13687E-10
-0.47122E-07
-0.16609E-07
-0.86862E-07
 0.25183E-07
-0.92424E-07
 0.85732E-07
 0.75527E-08
-0.11088E-06
-0.20961E-07
 0.19200E-07
-0.22702E-07
 0.10645E-07
-0.31864E-07
-0.60693E-07
 0.16467E-07
-0.26681E-08
-0.12873E-07
 0.47107E-07
-0.36636E-07
-0.20290E-07
 0.52397E-08
-0.31587E-07
-0.27892E-07
-0.22800E-07
-0.22495E-07
-0.37723E-08
 0.29507E-07
 0.69507E-08
-0.32964E-07
 0.93451E-08
 0.19740E-07
-0.81962E-08
 0.55809E-07
-0.15472E-07
-0.13812E-07
-0.37223E-08
 0.55343E-08
 0.24055E-07
-0.19091E-07
 0.44875E-07
 0.37367E-07
 0.82522E-08
 0.67890E-08
 0.19723E-07
 0.25593E-07
 0.50185E-07
-0.33283E-07
 0.24445E-07
-0.34310E-07
 0.72629E-07
 0.20894E-09
-0.68794E-09
-0.26129E-07
-0.18948E-07
 0.17673E-07
-0.18438E-08
 0.65299E-07
 0.15999E-07
 0.26803E-07
-0.99174E-08
 0.22547E-08
-0.14510E-07
 0.35227E-08
-0.25479E-07
-0.27508E-07
 0.87993E-08
-0.19914E-07
-0.16807E-07
-0.75189E-08
-0.17327E-07
 0.28436E-07
 0.27776E-07
-0.16863E-07
 0.21285E-07
-0.17729E-07
-0.13522E-07
-0.24946E-07
-0.23570E-07
-0.24292E-07
-0.23427E-07
 0.25840E-07
-0.26031E-07
-0.24279E-07
-0.19933E-07
-0.15851E-08
-0.19691E-07
 0.81005E-08
 0.39650E-07
 0.47228E-07
-0.46692E-08
 0.43232E-07
-0.30604E-07
 0.25196E-07
 0.54751E-07
 0.54785E-08
 0.23320E-07
 0.51233E-07
 0.78853E-08
 0.46216E-07
 0.38733E-07
-0.46134E-08
 0.42077E-07
-0.11043E-07
 0.40884E-07
 0.56502E-08
 0.22809E-07
 0.49980E-07
 0.32936E-07
-0.14176E-08
-0.47789E-08
 0.44271E-07
-0.31158E-07
 0.25874E-07
 0.56238E-07
 0.55168E-08
 0.23874E-07
 0.52511E-07
 0.33993E-07
 0.31389E-07
-0.38986E-08
 0.57718E-08
 0.46060E-07
 0.58111E-07
 0.22555E-07
-0.11440E-07
-0.17456E-07
 0.19835E-07
-0.60083E-07
 0.33548E-07
 0.37405E-07
 0.18683E-07
 0.99964E-07
 0.91468E-08
 0.27211E-07
 0.88351E-08
 0.21143E-07
-0.34532E-07
-0.29711E-07
-0.59161E-07
-0.65071E-08
 0.18614E-07
 0.60460E-07
 0.10793E-06
-0.12259E-08
 0.18070E-07
 0.29805E-07
 0.25225E-07
 0.22576E-08
-0.11808E-07
 0.59317E-08
-0.10438E-07
-0.13932E-07
 0.58197E-08
 0.20373E-07
-0.68609E-08
-0.24766E-07
-0.12729E-07
-0.41533E-08
-0.14706E-07
-0.24138E-07
-0.41591E-08
 0.59641E-09
 0.51756E-07
-0.12911E-07
-0.57802E-07
 0.24670E-07
-0.32760E-07
 0.78077E-08
 0.41141E-08
-0.56317E-08
-0.38766E-07
 0.20130E-07
-0.21741E-07
 0.29919E-08
-0.38672E-07
-0.20801E-08
-0.79569E-08
-0.64238E-08
 0.48121E-07
 0.10155E-07
 0.12775E-07
-0.18652E-07
-0.62548E-09
 0.17593E-07
-0.69252E-08
-0.44875E-07
-0.12594E-07
 0.99923E-08
-0.15810E-07
-0.28810E-07
 0.36983E-07
 0.51897E-07
 0.75321E-07
 0.28418E-07
-0.16335E-07
 0.14020E-07
 0.18289E-07
-0.16859E-07
 0.26381E-07
-0.33658E-07
 0.16147E-07
 0.15527E-07
 0.16611E-07
 0.56380E-08
-0.11037E-07
 0.33183E-07
-0.85152E-07
 0.28415E-07
 0.20694E-07
-0.65389E-07
-0.25088E-07
-0.94056E-08
-0.89624E-08
 0.30392E-07
 0.61535E-07
-0.68141E-09
 0.14346E-08
-0.40854E-07
 0.30661E-07
 0.47449E-07
-0.18037E-05
-0.18036E-07
 0.37278E-07
 0.43395E-07
 0.65801E-08
 0.37247E-07
 0.58171E-08
 0.49646E-08
 0.69272E-07
 0.93276E-08
 0.76265E-08
 0.16134E-07
-0.29030E-07
-0.13742E-07
-0.34273E-07
-0.25283E-07
 0.13628E-07
-0.29961E-08
-0.14312E-07
-0.17674E-07
 0.90347E-08
-0.36792E-07
-0.16144E-08
 0.27028E-08
-0.62389E-08
 0.50781E-07
 0.27460E-07
-0.31582E-07
-0.13310E-07
 0.60261E-07
-0.22751E-07
-0.31304E-07
 0.11695E-07
-0.16355E-07
-0.39559E-07
-0.27794E-07
 0.33091E-07
 0.74053E-09
 0.73186E-08
 0.52765E-08
-0.75280E-08
 0.15632E-07
-0.14457E-07
 0.10798E-07
 0.11486E-07
-0.22109E-07
 0.11250E-07
