L3
part
         1
quad4
-0.22037E+07
-0.19722E+07
-0.21442E+07
-0.15036E+07
-0.16711E+07
-0.18323E+07
-0.17666E+07
-0.18948E+07
-0.20865E+07
-0.22180E+07
-0.20482E+07
-0.24204E+07
-0.23613E+07
-0.23675E+07
-0.23006E+07
-0.23852E+07
-0.24842E+07
-0.24781E+07
-0.23474E+07
-0.24899E+07
-0.23551E+07
-0.24067E+07
-0.24311E+07
-0.23372E+07
-0.23103E+07
-0.23229E+07
-0.22952E+07
-0.23083E+07
-0.23287E+07
-0.22741E+07
-0.22830E+07
-0.23102E+07
-0.22860E+07
-0.26072E+07
-0.22509E+07
-0.24233E+07
-0.24503E+07
-0.21802E+07
-0.23468E+07
-0.23300E+07
-0.24108E+07
-0.24861E+07
-0.24295E+07
-0.22859E+07
-0.24079E+07
-0.24494E+07
-0.23606E+07
-0.23595E+07
-0.23720E+07
-0.23419E+07
-0.23891E+07
-0.25668E+07
-0.22876E+07
-0.23254E+07
-0.23471E+07
-0.23259E+07
-0.24254E+07
-0.23664E+07
-0.23152E+07
-0.23250E+07
-0.26121E+07
-0.24178E+07
-0.22230E+07
-0.23573E+07
-0.25642E+07
-0.22759E+07
-0.24929E+07
-0.24321E+07
-0.25032E+07
-0.24797E+07
-0.22788E+07
-0.22409E+07
-0.25118E+07
-0.23899E+07
-0.23076E+07
-0.23224E+07
-0.22320E+07
-0.22219E+07
-0.25522E+07
-0.24555E+07
-0.23972E+07
-0.24610E+07
-0.24970E+07
-0.22142E+07
-0.25530E+07
-0.25286E+07
-0.24308E+07
-0.23978E+07
-0.24355E+07
-0.24533E+07
-0.24585E+07
-0.25067E+07
-0.24834E+07
-0.22200E+07
-0.25245E+07
-0.25258E+07
-0.24631E+07
-0.25206E+07
-0.23819E+07
-0.22513E+07
-0.21829E+07
-0.26310E+07
-0.24776E+07
-0.23635E+07
-0.24933E+07
-0.25541E+07
-0.23905E+07
-0.23911E+07
-0.24281E+07
-0.23746E+07
-0.24026E+07
-0.22754E+07
-0.24193E+07
-0.24235E+07
-0.22471E+07
-0.21856E+07
-0.22130E+07
-0.24290E+07
-0.24398E+07
-0.22362E+07
-0.25727E+07
-0.22353E+07
-0.22685E+07
-0.22587E+07
-0.24632E+07
-0.23985E+07
-0.22361E+07
-0.22049E+07
-0.21851E+07
-0.24677E+07
-0.23995E+07
-0.25775E+07
-0.26025E+07
-0.25291E+07
-0.25272E+07
-0.25366E+07
-0.25291E+07
-0.22384E+07
-0.25514E+07
-0.22453E+07
-0.25401E+07
-0.25316E+07
-0.25219E+07
-0.22190E+07
-0.24131E+07
-0.21930E+07
-0.22109E+07
-0.22001E+07
-0.21804E+07
-0.22228E+07
-0.21681E+07
-0.21655E+07
-0.22650E+07
-0.22601E+07
-0.25294E+07
-0.22511E+07
-0.22382E+07
-0.25369E+07
-0.26016E+07
-0.24559E+07
-0.25310E+07
-0.25684E+07
-0.21961E+07
-0.22079E+07
-0.21953E+07
-0.24751E+07
-0.22086E+07
-0.21627E+07
-0.21899E+07
-0.21780E+07
-0.21774E+07
-0.22549E+07
-0.25081E+07
-0.26183E+07
-0.25675E+07
-0.25921E+07
-0.25816E+07
-0.25516E+07
-0.25082E+07
-0.21874E+07
-0.21705E+07
-0.26060E+07
-0.29277E+07
-0.25738E+07
-0.26122E+07
-0.26261E+07
-0.25994E+07
-0.26176E+07
-0.26635E+07
-0.26309E+07
-0.13340E+07
-0.13951E+07
-0.15418E+07
-0.16124E+07
-0.14086E+07
-0.14263E+07
-0.14419E+07
-0.15703E+07
-0.15042E+07
-0.14950E+07
-0.15060E+07
-0.13728E+07
-0.13597E+07
-0.13345E+07
-0.13329E+07
-0.13929E+07
-0.14348E+07
-0.14799E+07
-0.14829E+07
-0.13910E+07
-0.13884E+07
-0.14341E+07
-0.14321E+07
-0.15280E+07
-0.14586E+07
-0.14745E+07
-0.13674E+07
-0.14247E+07
-0.13746E+07
-0.14107E+07
-0.13902E+07
-0.14171E+07
-0.15417E+07
-0.14064E+07
-0.14397E+07
-0.12822E+07
-0.13676E+07
-0.14957E+07
-0.14890E+07
-0.14613E+07
-0.15425E+07
-0.14795E+07
-0.14804E+07
-0.15253E+07
-0.14376E+07
-0.14230E+07
-0.14791E+07
-0.15612E+07
-0.14896E+07
-0.14238E+07
-0.15760E+07
-0.14502E+07
-0.13591E+07
-0.13737E+07
-0.13858E+07
-0.15465E+07
-0.15570E+07
-0.14212E+07
-0.15088E+07
-0.13585E+07
-0.13571E+07
-0.13289E+07
-0.14002E+07
-0.13774E+07
-0.14933E+07
-0.14263E+07
-0.15585E+07
-0.14937E+07
-0.14369E+07
-0.14382E+07
-0.13151E+07
-0.15045E+07
-0.13709E+07
-0.15303E+07
-0.15131E+07
-0.14587E+07
-0.14772E+07
-0.15322E+07
-0.14592E+07
-0.15176E+07
-0.14479E+07
-0.14217E+07
-0.14627E+07
-0.13778E+07
-0.13688E+07
-0.15525E+07
-0.13675E+07
-0.15520E+07
-0.13330E+07
-0.13438E+07
-0.13537E+07
-0.14021E+07
-0.14169E+07
-0.13976E+07
-0.14041E+07
-0.13547E+07
-0.14421E+07
-0.14490E+07
-0.15236E+07
-0.15320E+07
-0.15301E+07
-0.15468E+07
-0.13088E+07
-0.13402E+07
-0.14661E+07
-0.14671E+07
-0.14652E+07
-0.15154E+07
-0.13495E+07
-0.15710E+07
-0.13509E+07
-0.15716E+07
-0.13723E+07
-0.12963E+07
-0.12914E+07
-0.13392E+07
-0.13115E+07
-0.15808E+07
-0.15644E+07
-0.13328E+07
-0.13180E+07
-0.13246E+07
-0.13388E+07
-0.13501E+07
-0.15288E+07
-0.15357E+07
-0.15308E+07
-0.13088E+07
-0.14685E+07
-0.15478E+07
-0.15740E+07
-0.12935E+07
-0.12904E+07
-0.12976E+07
-0.15674E+07
-0.15786E+07
-0.13250E+07
-0.13068E+07
-0.13151E+07
-0.15149E+07
-0.15584E+07
-0.15671E+07
-0.12940E+07
-0.13027E+07
-0.12252E+07
-0.15918E+07
-0.15823E+07
-0.12893E+07
-0.12930E+07
-0.18031E+07
-0.18038E+07
-0.17254E+07
-0.17383E+07
-0.17365E+07
-0.17285E+07
-0.17523E+07
-0.17836E+07
-0.18175E+07
-0.16982E+07
-0.17402E+07
-0.17359E+07
-0.17010E+07
-0.17355E+07
-0.17233E+07
-0.17227E+07
-0.17713E+07
-0.17744E+07
-0.17185E+07
-0.17732E+07
-0.17536E+07
-0.17976E+07
-0.18380E+07
-0.17262E+07
-0.17405E+07
-0.17954E+07
-0.18089E+07
-0.17181E+07
-0.16932E+07
-0.17889E+07
-0.17851E+07
-0.17563E+07
-0.17223E+07
-0.17751E+07
-0.17824E+07
-0.17568E+07
-0.17186E+07
-0.17490E+07
-0.17633E+07
-0.18292E+07
-0.16783E+07
-0.17790E+07
-0.17166E+07
-0.18025E+07
-0.18371E+07
-0.17318E+07
-0.16889E+07
-0.18139E+07
-0.17980E+07
-0.17196E+07
-0.17614E+07
-0.17336E+07
-0.16991E+07
-0.17549E+07
-0.18175E+07
-0.16766E+07
-0.16711E+07
-0.17390E+07
-0.17985E+07
-0.18007E+07
-0.18253E+07
-0.17179E+07
-0.17033E+07
-0.16876E+07
-0.17055E+07
-0.17078E+07
-0.16871E+07
-0.18460E+07
-0.18394E+07
-0.16728E+07
-0.16939E+07
-0.16998E+07
-0.16800E+07
-0.18301E+07
-0.18530E+07
-0.16858E+07
-0.16733E+07
-0.18496E+07
-0.16779E+07
-0.16680E+07
-0.16677E+07
-0.19296E+07
-0.19120E+07
-0.18830E+07
-0.18809E+07
-0.18748E+07
-0.18538E+07
-0.18936E+07
-0.19303E+07
-0.19129E+07
-0.18836E+07
-0.18710E+07
-0.18752E+07
-0.18783E+07
-0.18952E+07
-0.18976E+07
-0.19074E+07
-0.18905E+07
-0.19179E+07
-0.19071E+07
-0.19499E+07
-0.18704E+07
-0.19513E+07
-0.19589E+07
-0.18490E+07
-0.19064E+07
-0.19269E+07
-0.18914E+07
-0.19042E+07
-0.19099E+07
-0.19143E+07
-0.18603E+07
-0.19553E+07
-0.18707E+07
-0.19411E+07
-0.19424E+07
-0.18656E+07
-0.19021E+07
-0.19016E+07
-0.19257E+07
-0.19227E+07
-0.19153E+07
-0.18540E+07
-0.19268E+07
-0.18781E+07
-0.18597E+07
-0.18961E+07
-0.19583E+07
-0.19161E+07
-0.19390E+07
-0.18629E+07
-0.19615E+07
-0.19628E+07
-0.19707E+07
-0.18656E+07
-0.19553E+07
-0.19752E+07
-0.19798E+07
-0.21152E+07
-0.20373E+07
-0.20587E+07
-0.21166E+07
-0.20738E+07
-0.20671E+07
-0.20350E+07
-0.20921E+07
-0.20875E+07
-0.20459E+07
-0.20858E+07
-0.20388E+07
-0.20725E+07
-0.21197E+07
-0.20676E+07
-0.20305E+07
-0.20546E+07
-0.20672E+07
-0.21097E+07
-0.21066E+07
-0.20855E+07
-0.20439E+07
-0.20494E+07
-0.21029E+07
-0.20877E+07
-0.20951E+07
-0.20551E+07
-0.20884E+07
-0.20102E+07
-0.21563E+07
-0.20612E+07
-0.20319E+07
-0.20626E+07
-0.20670E+07
-0.21105E+07
-0.20802E+07
-0.21346E+07
-0.20818E+07
-0.21599E+07
-0.21048E+07
-0.20474E+07
-0.20938E+07
-0.20927E+07
-0.20100E+07
-0.20588E+07
-0.20606E+07
-0.20174E+07
-0.20213E+07
-0.20420E+07
-0.21331E+07
-0.21438E+07
-0.20694E+07
-0.19861E+07
-0.20406E+07
-0.21097E+07
-0.21132E+07
-0.20266E+07
-0.21484E+07
-0.19855E+07
-0.20015E+07
-0.20247E+07
-0.20295E+07
-0.21272E+07
-0.19858E+07
-0.19803E+07
-0.21456E+07
-0.20489E+07
-0.20090E+07
-0.21341E+07
-0.21626E+07
-0.19970E+07
-0.19998E+07
-0.20302E+07
-0.21370E+07
-0.20066E+07
-0.19802E+07
-0.20045E+07
-0.19901E+07
-0.19957E+07
-0.19825E+07
-0.19887E+07
-0.19715E+07
-0.19773E+07
-0.23377E+07
-0.24738E+07
-0.23502E+07
-0.23076E+07
-0.23734E+07
-0.23594E+07
-0.24334E+07
-0.24024E+07
-0.23568E+07
-0.21475E+07
-0.22366E+07
-0.22726E+07
-0.25045E+07
-0.21983E+07
-0.22000E+07
-0.21851E+07
-0.25635E+07
-0.21925E+07
-0.26084E+07
-0.26046E+07
-0.26087E+07
-0.25945E+07
-0.16339E+07
-0.13920E+07
-0.14481E+07
-0.15166E+07
-0.14693E+07
-0.15045E+07
-0.13580E+07
-0.13833E+07
-0.14316E+07
-0.15445E+07
-0.14761E+07
-0.14512E+07
-0.15635E+07
-0.14565E+07
-0.15200E+07
-0.15445E+07
-0.13812E+07
-0.15163E+07
-0.15049E+07
-0.13008E+07
-0.15749E+07
-0.15797E+07
-0.13104E+07
-0.13166E+07
-0.12911E+07
-0.17996E+07
-0.17869E+07
-0.18281E+07
-0.18169E+07
-0.18434E+07
-0.16702E+07
-0.18477E+07
-0.18880E+07
-0.18771E+07
-0.18888E+07
-0.18856E+07
-0.19389E+07
-0.19460E+07
-0.18710E+07
-0.18569E+07
-0.18490E+07
-0.18513E+07
-0.19652E+07
-0.19547E+07
-0.19792E+07
-0.20950E+07
-0.21148E+07
-0.21722E+07
-0.21396E+07
-0.21572E+07
-0.20146E+07
-0.21452E+07
-0.21205E+07
-0.21525E+07
-0.21624E+07
-0.21533E+07
-0.19778E+07
-0.16655E+07
-0.16437E+07
-0.19479E+07
-0.19316E+07
-0.16237E+07
-0.16215E+07
-0.16000E+07
-0.16023E+07
-0.16426E+07
-0.16448E+07
-0.16623E+07
-0.16211E+07
-0.16099E+07
-0.15995E+07
-0.15897E+07
-0.15904E+07
-0.16391E+07
-0.16313E+07
-0.16487E+07
-0.16558E+07
-0.16616E+07
-0.16177E+07
-0.16232E+07
-0.16200E+07
-0.16097E+07
-0.16172E+07
-0.16042E+07
-0.16108E+07
-0.16047E+07
-0.16071E+07
-0.16144E+07
-0.16109E+07
-0.15962E+07
-0.15986E+07
-0.16016E+07
-0.15886E+07
-0.15958E+07
-0.15795E+07
-0.15859E+07
-0.15867E+07
-0.15934E+07
-0.15902E+07
-0.16313E+07
-0.16507E+07
-0.16303E+07
-0.16378E+07
-0.16255E+07
-0.16323E+07
-0.16260E+07
-0.16283E+07
-0.16355E+07
-0.16321E+07
-0.16362E+07
-0.16414E+07
-0.16588E+07
-0.16593E+07
-0.16664E+07
-0.16629E+07
-0.16475E+07
-0.22800E+07
-0.23025E+07
-0.23614E+07
-0.24084E+07
-0.23213E+07
-0.23012E+07
-0.23651E+07
-0.23476E+07
-0.22890E+07
-0.25017E+07
-0.23195E+07
-0.22637E+07
-0.24510E+07
-0.24081E+07
-0.23867E+07
-0.22701E+07
-0.26071E+07
-0.26282E+07
-0.25574E+07
-0.14848E+07
-0.14143E+07
-0.14195E+07
-0.13768E+07
-0.13573E+07
-0.13584E+07
-0.13208E+07
-0.13527E+07
-0.14140E+07
-0.13133E+07
-0.17935E+07
-0.17378E+07
-0.17489E+07
-0.17239E+07
-0.17629E+07
-0.17879E+07
-0.17885E+07
-0.17537E+07
-0.17149E+07
-0.18104E+07
-0.17779E+07
-0.16912E+07
-0.18192E+07
-0.18107E+07
-0.17053E+07
-0.17621E+07
-0.17708E+07
-0.17010E+07
-0.17006E+07
-0.17582E+07
-0.18109E+07
-0.18419E+07
-0.18323E+07
-0.19466E+07
-0.19411E+07
-0.19415E+07
-0.19492E+07
-0.19577E+07
-0.19686E+07
-0.19751E+07
-0.20959E+07
-0.20510E+07
-0.20937E+07
-0.20141E+07
-0.21305E+07
-0.21274E+07
-0.19915E+07
-0.20039E+07
-0.21317E+07
-0.22714E+07
-0.23406E+07
-0.14818E+07
-0.15256E+07
-0.12996E+07
-0.18938E+07
-0.21770E+07
-0.21770E+07
-0.16488E+07
-0.16543E+07
-0.16592E+07
-0.16614E+07
-0.24346E+07
-0.24250E+07
-0.24829E+07
-0.25644E+07
-0.25451E+07
-0.25469E+07
-0.24722E+07
-0.25030E+07
-0.25863E+07
-0.24818E+07
-0.25628E+07
-0.25106E+07
-0.25988E+07
-0.25855E+07
-0.21869E+07
-0.26396E+07
-0.23522E+07
-0.17433E+07
-0.18290E+07
-0.16885E+07
-0.17384E+07
-0.17264E+07
-0.17421E+07
-0.17160E+07
-0.17025E+07
-0.17098E+07
-0.16840E+07
-0.16890E+07
-0.16795E+07
-0.19108E+07
-0.18858E+07
-0.19141E+07
-0.19101E+07
-0.19322E+07
-0.19363E+07
-0.19271E+07
-0.19295E+07
-0.19040E+07
-0.18704E+07
-0.18711E+07
-0.21160E+07
-0.21009E+07
-0.20452E+07
-0.20634E+07
-0.20260E+07
-0.20332E+07
-0.20264E+07
-0.20229E+07
-0.19942E+07
-0.20085E+07
-0.19916E+07
-0.26200E+07
-0.18910E+07
-0.20609E+07
-0.20202E+07
-0.24594E+07
-0.17560E+07
-0.16969E+07
-0.17080E+07
-0.18818E+07
-0.20096E+07
-0.22377E+07
-0.22676E+07
